$coord
    0.30108174864168     -3.37483391802252      3.18035615541368      c
   -0.08008867186038      0.89107351995631      4.58421914250701      c
   -0.01843314451005      0.20537316755298      7.06413942811536      c
    0.37554111534941     -4.21318351218394      5.74929898210919      c
    0.21117254805684     -2.38333978488576      7.84008988769641      c
    0.27456737933228     -3.11080232875287     10.37411359917064      c
    0.13565134423969     -1.49684412646635     12.49591887888782      c
   -0.25070883111843      2.87802435294057     21.95957225778961      c
    0.00303867960840      0.01209349130716     21.78552451328672      c
    0.08322108188456     -0.91828878868534     24.24734122262116      c
   -0.10397254240430      1.18108204042552     25.98445873460052      c
   -0.11726034062222      1.27133913958989     28.60076792455500      c
   -0.00383425430687      0.02142552582839     -0.01586746335065      c
    0.06943855336721     -0.79620189856821      2.62966728598424      n
    2.04333572520039      4.31331688699344     20.92582762795847      c
   -2.76246193124133      3.88613711556251     20.92587808364599      c
   -0.29144603513221      3.33806381606216     24.67521716915640      o
    0.31344055749673     -3.52546228666293     24.85150008171950      c
    0.07141955326366     -0.93511245345504     30.14151662499262      c
   -0.33237240073107      3.66048416313050     29.84448455943602      c
    0.50532297024600     -5.69167764208972     25.16471935228703      n
    0.21875394029623     -2.67870171049341     31.47107425805737      n
   -0.50754963453865      5.59302165516444     30.87595225825961      n
    0.20584673291981     -2.31607895190456     14.97688947427624      c
    0.06580007468686     -0.68166011794888     17.08975049127296      c
    0.13483025823854     -1.49022970708493     19.57188175644713      c
   -0.25862168132007      2.85774513497937     -0.46662685941943      c
    0.46259191619813     -5.16074000114225      1.20212073931620      c
    0.69340552170388     -7.72369239602270      1.71793716975964      c
    0.76945206938368     -8.57502762119470      4.22384289033511      c
    0.61235743589003     -6.83757865125308      6.18094436534523      c
   -0.25641977243966      2.87338394146894      4.07044852956609      h
   -0.15191376035038      1.70886081518306      8.46325712393714      h
    0.44875231795182     -5.11925276482960     10.80969074658156      h
   -0.03910221297076      0.54515499544609     12.19259799376108      h
    1.73177941362252     -0.60713253212805     -0.98293140612086      h
   -1.59971703723873     -0.90608947271520     -0.98248391897455      h
    2.16956111553044      4.14200206441198     18.85948864458823      h
    1.87478084762394      6.32602374219328     21.42011818811629      h
    3.80038134402700      3.57494816674328     21.75535352392617      h
   -2.85673148588612      3.69503440381226     18.85940738636487      h
   -4.36195560285212      2.85019567911149     21.75640818007632      h
   -2.95154754932616      5.89722107396653     21.41944809123250      h
    0.37947571411349     -4.34761466026495     15.34483804800213      h
   -0.10728636613644      1.33962496002108     16.67728072594135      h
    0.31084407380149     -3.52636425294221     19.90105409495876      h
   -2.01974211658921      3.58134772426432      0.40788510078066      h
    1.34797074647788      3.88303116170408      0.40418463908342      h
    0.40842405067141     -4.55074321112710     -0.76045735097569      h
    0.81499635871329     -9.06610980433814      0.15321918315727      h
    0.95107572592020    -10.58860186068575      4.64073990603150      h
    0.67520443556194     -7.53207341109519      8.11850248174707      h
   -0.28558127010443      3.12359218413695     -3.11316165181946      o
   -0.43855837934514      4.89217722657097     -3.53062501843540      h
$user-defined bonds
$end
