$coord
    0.30108177392585     -3.37483398634285      3.18035613676197  c
   -0.08008872976721      0.89107350285861      4.58421919801087  c
   -0.01843309559890      0.20537319503171      7.06413938780051  c
    0.37554102403014     -4.21318359830952      5.74929907082115  c
    0.21117260784166     -2.38333982292804      7.84008992631954  c
    0.27456746440629     -3.11080227500844     10.37411368338053  c
    0.13565132258698     -1.49684405509064     12.49591888058972  c
   -0.25070875066732      2.87802438459207     21.95957228057174  c
    0.00303874937211      0.01209355981301     21.78552443506849  c
    0.08322107239007     -0.91828885934890     24.24734117873920  c
   -0.10397249914814      1.18108203076196     25.98445868064446  c
   -0.11726040076606      1.27133918185693     28.60076793992702  c
   -0.00383426807321      0.02142554138436     -0.01586748999954  c
    0.06943846773284     -0.79620194166865      2.62966732576476  n
    2.04333574908925      4.31331691829596     20.92582767865269  c
   -2.76246193924774      3.88613710491039     20.92587811549475  c
   -0.29144606245203      3.33806387362946     24.67521723195089  o
    0.31344062755061     -3.52546230724133     24.85150007866300  c
    0.07141953005577     -0.93511242110673     30.14151657007091  c
   -0.33237242933618      3.66048416755846     29.84448462406341  c
    0.50532291032012     -5.69167762944767     25.16471931916851  n
    0.21875396138588     -2.67870165402869     31.47107426585280  n
   -0.50754959541987      5.59302171763607     30.87595222143226  n
    0.20584667076504     -2.31607896851826     14.97688944109683  c
    0.06580016113952     -0.68166010625409     17.08975054996995  c
    0.13483034400428     -1.49022973802518     19.57188167236291  c
   -0.25862165274535      2.85774506834013     -0.46662677502640  c
    0.46259199532479     -5.16073999847325      1.20212079605327  c
    0.69340557576281     -7.72369241380105      1.71793714647931  c
    0.76945213206550     -8.57502764235900      4.22384289690032  c
    0.61235746486104     -6.83757863568458      6.18094428361422  c
   -0.25641985775805      2.87338402490614      4.07044861061658  h
   -0.15191379369488      1.70886083229517      8.46325721361869  h
    0.44875226707603     -5.11925270239356     10.80969069710613  h
   -0.03910218113721      0.54515501604958     12.19259791352686  h
    1.73177946674572     -0.60713254478627     -0.98293149137197  h
   -1.59971701065892     -0.90608941404859     -0.98248399867577  h
    2.16956105563003      4.14200203017953     18.85948856958728  h
    1.87478085582707      6.32602379343489     21.42011824501515  h
    3.80038137658652      3.57494813366490     21.75535344832548  h
   -2.85673148174847      3.69503433069150     18.85940744803720  h
   -4.36195556391955      2.85019575536759     21.75640812120155  h
   -2.95154753067375      5.89722103035720     21.41944811491857  h
    0.37947580598015     -4.34761464850584     15.34483813043482  h
   -0.10728628101262      1.33962502769760     16.67728074083745  h
    0.31084403714653     -3.52636428159052     19.90105412370297  h
   -2.01974206781910      3.58134778969108      0.40788505131120  h
    1.34797072270635      3.88303113125078      0.40418456680999  h
    0.40842404832159     -4.55074318446921     -0.76045742780704  h
    0.81499635804710     -9.06610976622544      0.15321914190171  h
    0.95107569339874    -10.58860183778363      4.64073989089597  h
    0.67520436997057     -7.53207341305832      8.11850256317094  h
   -0.28558130506996      3.12359219226630     -3.11316172397405  o
   -0.43855840170418      4.89217730381292     -3.53062511291197  h
$user-defined bonds
$end
