$dipgrad          cartesian dipole gradients
  0.78406223556564D-01  -.62741250045461D-01  0.57844774427530D-01
  -.62994514448610D-01  0.76733156145568D+00  -.65021388172201D+00
  -.12034898213876D-03  0.30918663740611D-02  0.10979282205819D-01
  -.27380587045314D-01  -.23134888462284D-01  -.10416933475828D+00
  -.22658066016582D-01  0.23099987628122D+00  0.11889439894431D+01
  -.29104097460221D-01  0.31859068000521D+00  0.33845045159335D+01
  -.16824690011409D+00  -.15630017807217D-01  -.17096074321986D+00
  -.16297062068933D-01  0.67319516242615D-02  0.19614625547992D+01
  0.89442544407954D-02  -.91875898740306D-01  -.20223695969733D+01
  -.17904538467948D-01  0.18643500070184D-01  0.85753336486221D-01
  0.19453485862658D-01  -.22051100079322D+00  -.96388001208812D+00
  0.11232443666681D-02  -.29148950487545D-02  -.80829138112812D+00
  0.55744729410711D-01  -.49463941523128D-02  0.14868037822783D+00
  -.45266924169256D-02  0.10009789889515D+00  -.17331278256552D+01
  -.36486594482137D-01  0.39924997570845D+00  0.37621705360143D+01
  -.17571585520499D+00  -.86283876340672D-02  0.38063512662372D-01
  -.84170028410548D-02  -.72582849247050D-01  -.47306577176120D+00
  0.43140948683817D-01  -.48079699585676D+00  -.40974474135907D+01
  -.39464812981825D-01  -.16305661175488D-01  -.65632543605352D-01
  -.16438478933562D-01  0.14744085144950D+00  0.73115044585567D+00
  -.43060530444187D-01  0.48288663651894D+00  0.38215164147366D+01
  0.41174864706471D+00  0.11009918491741D-01  -.29990786718264D-01
  0.10467027228418D-01  0.29066753280746D+00  0.33385536798457D+00
  0.14301930196207D-01  -.17994343068587D+00  0.49169733356502D+00
  -.58322729110220D-01  -.23006874959846D-01  -.76565159432484D-01
  -.21449624526277D-01  0.19720213702389D+00  0.87279706554705D+00
  -.48138019891096D-01  0.55142490354842D+00  0.40483104188964D+01
  -.26180396180961D-01  0.18254456700088D-01  0.13997549922508D-01
  0.17187421560105D-01  -.22672648678718D+00  -.13443073348209D+00
  0.44325309921929D-01  -.49160311018259D+00  -.30548663796102D+01
  0.17448330600392D+00  -.72016479360031D-01  -.12577700542543D+00
  -.72048205343409D-01  0.98760947222178D+00  0.13966028826438D+01
  -.30925913140461D-01  0.30954030829922D+00  0.32124962017884D+01
  -.53060315972726D-01  0.92174345253049D-02  0.39184892849350D-01
  0.10602077979637D-01  -.15754545270472D+00  -.44348457091192D+00
  0.17590903932052D-01  -.17525447231951D+00  -.18149777867942D+01
  0.21072043809197D+00  0.80520029441165D-02  0.43531633638438D-01
  0.80165923580503D-02  0.12207478814005D+00  -.47162215144968D+00
  0.23215812608499D-01  -.26316103154151D+00  0.15120984425381D+01
  -.10923203643397D+00  0.68699920531665D-01  0.47274014520288D-01
  0.69058342196041D-01  -.87033616858892D+00  -.56250947166172D+00
  0.17021374440575D-03  -.25310915723219D-02  -.26962744808550D+01
  -.39762255547256D-01  0.40858030052948D-01  0.68582908558629D-01
  -.28785758081865D-01  -.18918139511973D-01  -.84952743997759D-02
  -.21300546961138D-01  0.80438583143415D-03  -.83333295009720D-01
  -.38006534385706D-01  -.44823784773201D-01  -.63272520216960D-01
  0.25699343653523D-01  -.22805272079728D-01  -.18009042660718D-01
  0.20839011625010D-01  0.52347661358116D-02  -.84224983560064D-01
  -.30216147224305D+00  0.52890395653195D-01  0.18397121680836D-02
  0.52746452164874D-01  -.91251993248319D+00  0.20465442647959D-01
  -.28563434281325D-01  0.34159213819782D+00  -.11619079626388D+01
  0.14521185609249D+00  -.78989369358496D-02  0.73367342920742D-01
  -.80005473398757D-02  0.23743889630147D+00  -.84045268054971D+00
  0.74478051232008D-02  -.86041931401959D-01  0.20614124505850D+00
  0.14865471257900D+00  -.48366218257492D-02  0.70052270096370D-01
  -.48239800138648D-02  0.21029113463394D+00  -.79946865045167D+00
  0.16843334734495D-01  -.19696274883133D+00  0.55723823862143D+00
  0.13902606176680D+00  -.26418639114289D-01  -.83634089756564D-01
  -.27155607128747D-01  0.42845448357011D+00  0.96046913414143D+00
  -.23953455913374D-01  0.27172231014256D+00  0.40618588257039D+00
  -.27898887475127D+00  0.45196028063095D-02  -.51987601741651D-01
  0.39837672818432D-02  -.32314366322321D+00  0.55532348597862D+00
  0.10706536157651D-02  -.12863507778057D-01  -.24702696203114D+00
  -.29301996421931D+00  0.60183942857146D-03  -.41854355949006D-01
  0.19749042680277D-03  -.29788903094836D+00  0.46988405313926D+00
  -.47589531969436D-02  0.54525478479648D-01  -.65124981148845D+00
  -.30800911553095D+00  0.14658763953227D-01  0.52461118450504D-01
  0.14961928253112D-01  -.47347659300932D+00  -.56012791234130D+00
  0.11491509064963D-01  -.12909758009233D+00  -.60328316155351D+00
  -.15723021119932D+00  -.11835251663282D-01  0.57696843230096D-01
  -.12010792217217D-01  -.15776999212125D-01  -.68003992647144D+00
  0.45844038013246D-01  -.51386248619823D+00  -.36869823829394D+01
  -.51506111188556D-01  -.23062496198846D-01  -.76523584264972D-01
  -.23563994696879D-01  0.21621487103708D+00  0.90352200756251D+00
  -.50263161317258D-01  0.56143347235028D+00  0.38580697735842D+01
  -.14202221792302D+00  -.23373333809783D-02  0.68270188072138D-01
  -.34767694915921D-02  -.10765658666429D+00  -.77001335868553D+00
  0.51012425210184D-01  -.57375260471549D+00  -.38377055806312D+01
  0.40535808179768D+00  0.46897520420690D-02  0.46301784643044D-01
  0.48839556591946D-02  0.34723642783626D+00  -.48807502891318D+00
  0.15811837815337D-01  -.17249713942163D+00  0.10454852031223D+01
  -.12741896237228D+00  0.98514291891197D-02  -.43273402339453D-01
  0.92839331940364D-02  -.23137748888654D+00  0.46336698694531D+00
  0.11051258972543D-01  -.12659648834414D+00  0.32020417467542D+00
  -.88211844736320D-01  -.53698953543852D-02  0.71577099368663D-01
  -.53976858403275D-02  -.27930465322364D-01  -.82526168382791D+00
  -.11001733141439D-01  0.12614321135769D+00  0.61613578175451D+00
  -.10419094563355D+00  -.11795841671133D-01  0.26738708900316D-01
  -.12081399192619D-01  0.30468297607978D-01  -.32863722158534D+00
  0.18742018282672D-01  -.20881092027974D+00  -.10485892330775D+01
  -.78828327791246D-01  -.16273665815754D-01  -.77283599905605D-01
  -.16919771157821D-01  0.10434890415549D+00  0.83790081883454D+00
  0.46562702536329D-02  -.57467233570472D-01  0.19543774414165D-01
  0.11514079007528D+00  0.11329490782372D-01  -.25588524359856D-02
  0.11513787861967D-01  -.13124688192900D-01  0.37353209347441D-01
  -.17648370009162D-02  0.20747282695896D-01  0.14070089801160D+00
  0.11586509604895D+00  0.10221262311583D-01  0.20760371336870D-02
  0.10001411456862D-01  0.34348683489048D-02  -.16255665989425D-01
  0.53453609378261D-02  -.61597970440211D-01  0.21238739867043D-01
  0.10355048872427D+00  0.15013594021558D-01  0.62104303389558D-02
  0.15147479092945D-01  -.68884435344562D-01  -.53955374571669D-01
  -.29544864760036D-02  0.32871899324478D-01  0.32831061293984D-01
  0.91148178790770D-01  0.15700705208292D-01  0.26560960091971D-02
  0.15715042417442D-01  -.90148480585547D-01  -.21999679909829D-01
  -.13130664864266D-02  0.15428952206646D-01  0.56401641284154D-01
  -.40600819920007D-01  0.36966194993657D-01  0.11713123207926D+00
  0.43808830874066D-01  0.20656372926648D-01  -.21495403455947D-01
  0.21726769689195D-01  0.19938852790780D-01  -.24263373103774D+00
  -.24441305126347D-01  -.45199390477076D-01  -.11134988269039D+00
  -.51802449971669D-01  0.46436858938317D-02  -.42130217153235D-01
  -.24756590445756D-01  0.15751525828321D-01  -.24234085486781D+00
  0.50810767579086D-01  -.15660979995036D-01  0.11264082631155D-01
  -.31673583386779D-02  0.74007946802099D-01  0.25184411796044D-01
  0.11451144009588D-01  0.80082455117105D-02  -.76874063653006D-01
  0.50690831246324D-01  0.62171823733645D-02  0.24138621374912D-02
  -.69615837019808D-02  -.91135819402611D-01  -.52198473573826D-01
  0.13171764642364D-01  -.37226379642164D-01  0.49854055383143D-01
  -.48505176641049D-01  0.25381305801352D-01  0.42774212534151D-03
  0.45069141646012D-01  0.44175086949076D-01  0.55349247603091D-01
  -.48464805273827D-01  0.16216320350695D-01  0.35297189454027D-01
  0.48560405001705D-01  0.10977173884519D-01  -.15605851095726D-01
  -.14527012383398D-02  0.76393727244935D-01  0.23621583813388D-01
  -.12555459886998D-01  0.55539722531627D-02  -.76482841853923D-01
  -.33186710801694D-01  -.39444702928067D-01  -.99720499303168D-02
  -.58711464887728D-01  0.29297067575799D-01  0.54583129705882D-01
  0.44847961854853D-01  0.24601217896008D-01  0.35236472509357D-01
  0.46342936134091D-01  0.18826436460447D-01  0.74694292398449D-02
  0.31272685678994D-01  -.86403781323716D-01  -.51651545556558D-01
  -.63682729695405D-02  -.38847568499610D-01  0.49753810256541D-01
  0.11580472413795D+00  0.16097739783649D-01  0.35610530418789D-02
  0.16311191884413D-01  -.72407250038743D-01  -.42502198292105D-01
  -.59256082824587D-03  0.74788518105914D-02  -.35611282839427D-02
  0.10443895071632D+00  0.16749540962478D-01  0.32828375147353D-02
  0.16954544349954D-01  -.90657613168235D-01  -.44343007779557D-01
  -.45170393802839D-02  0.54881608472501D-01  0.90933931840126D-01
  0.11340687601704D+00  0.13126045667455D-01  0.44178788250013D-02
  0.13385494317699D-01  -.39183383572392D-01  -.65461915436023D-01
  0.15336763284109D-02  -.15855108360772D-01  0.55538768822430D-02
  -.11030192368792D+00  0.45192042279717D-01  0.11961548022351D+00
  0.42493623239284D-01  -.24515436936174D-01  0.26788208998967D-02
  0.68122492036316D-01  0.11397971496616D-03  -.11028083632756D+00
  -.92678092155884D-01  -.57699893280719D-01  -.11811913194958D+00
  -.54826134208148D-01  -.42839196128099D-01  -.18228004342967D-01
  -.66930710668779D-01  -.11413348529633D-01  -.11063762314263D+00
  0.11658614635865D+00  0.31985814437465D-02  -.61140508301514D-02
  0.33235364724038D-02  0.80034673455314D-01  0.70864203578450D-01
  -.42923832450638D-02  0.46861395368961D-01  -.44356594220969D-01
  0.11126675652801D+00  0.93144374436783D-02  0.92867507679292D-02
  0.90243946263875D-02  0.12022885531874D-01  -.10031357596731D+00
  0.69252749985699D-02  -.77439943304416D-01  -.20212991627558D-01
  0.11672368544776D+00  0.16460121445754D-01  0.24851875536770D-02
  0.16609974594648D-01  -.65684016831208D-01  -.32078938675611D-01
  -.28045577770759D-02  0.31127070113336D-01  0.50486229345036D-01
  0.10125013440877D+00  0.17534558256435D-02  -.34859040398123D-02
  0.14067960047836D-02  0.85419305704951D-01  0.41382138003251D-01
  -.45460639650913D-02  0.51474807907506D-01  0.78432003481009D-02
  -.47894809048427D+00  -.85746374229912D-02  -.32598948930763D-01
  -.77868634911694D-02  -.38158944121913D+00  0.38810025043132D+00
  -.27436182890945D-01  0.30380049094659D+00  -.13883252311848D+01
  0.34258630425464D+00  0.13169667356217D-01  0.72132304718908D-02
  0.13174755257713D-01  0.19107496671392D+00  -.81332031383323D-01
  0.62265814041333D-02  -.72682720785995D-01  0.36532798213174D+00
$end
