$energy      SCF               SCFKIN            SCFPOT
     1 -1371.546344237      1357.736878632     -2729.283222869
     2 -1371.546344248      1357.736959427     -2729.283303675
     3 -1371.547227765      1357.710630542     -2729.257858307
     4 -1371.547827586      1357.710342244     -2729.258169830
     5 -1371.548057398      1357.710359484     -2729.258416883
     6 -1371.548172838      1357.658236306     -2729.206409143
     7 -1371.548386770      1357.703516535     -2729.251903305
     8 -1371.548527215      1357.719315143     -2729.267842357
     9 -1371.548661935      1357.728335640     -2729.276997574
    10 -1371.548677301      1357.724516142     -2729.273193443
    11 -1371.548706707      1357.728018055     -2729.276724762
    12 -1371.548727344      1357.729814521     -2729.278541865
    13 -1371.548739297      1357.733483966     -2729.282223263
    14 -1371.548741049      1357.739580121     -2729.288321170
    15 -1371.548753652      1357.743976157     -2729.292729808
    16 -1371.548759697      1357.744157375     -2729.292917072
    17 -1371.548765522      1357.746189218     -2729.294954740
    18 -1371.548770766      1357.751392025     -2729.300162790
    19 -1371.548773422      1357.753846158     -2729.302619580
    20 -1371.548775830      1357.754740154     -2729.303515984
    21 -1371.548778177      1357.753460034     -2729.302238211
    22 -1371.548780326      1357.752039213     -2729.300819539
    23 -1371.548783018      1357.750659092     -2729.299442109
    24 -1371.548785741      1357.751034130     -2729.299819871
    25 -1371.548787923      1357.753621393     -2729.302409317
    26 -1371.548789466      1357.756695679     -2729.305485145
    27 -1371.548790941      1357.759582257     -2729.308373198
    28 -1371.548792487      1357.761445575     -2729.310238061
    29 -1371.548793399      1357.761823325     -2729.310616724
    30 -1371.548794132      1357.761340031     -2729.310134163
    31 -1371.548794682      1357.761213919     -2729.310008601
    32 -1371.548795015      1357.761385368     -2729.310180383
    33 -1371.548795355      1357.761925704     -2729.310721059
$end
