54
Energy =
 C                  0.15986590   -1.79194960    1.68339040
 C                 -0.04175100    0.46657360    2.41978410
 C                 -0.00934070    0.10736160    3.73401520
 C                  0.19907110   -2.23202000    3.04441770
 C                  0.11210460   -1.26096270    4.14864640
 C                  0.14582720   -1.64530040    5.49052640
 C                  0.07195380   -0.79263640    6.61407950
 C                 -0.13346590    1.52334600   11.62241260
 C                  0.00102440    0.00669050   11.53044550
 C                  0.04365120   -0.48486460   12.83357430
 C                 -0.05529810    0.62612860   13.75242980
 C                 -0.06150360    0.67346390   15.13695150
 C                 -0.00111280    0.00427930   -0.01961280
 N                  0.03756720   -0.42861120    1.38900010
 C                  1.08105280    2.28173840   11.07510860
 C                 -1.46300840    2.05545440   11.07509480
 O                 -0.15509620    1.76742910   13.05956010
 C                  0.16571950   -1.86447400   13.15282430
 C                  0.03939550   -0.49502630   15.95074220
 C                 -0.17509930    1.93671650   15.79696190
 N                  0.26741460   -3.01093470   13.31744930
 N                  0.11834150   -1.41854990   16.65306550
 N                 -0.26745180    2.95731370   16.34666950
 C                  0.10937750   -1.22725420    7.92723020
 C                  0.03457950   -0.36276930    9.04557090
 C                  0.07111340   -0.78931090   10.35982750
 C                 -0.13514670    1.50282880   -0.25293880
 C                  0.24546780   -2.74271470    0.64058950
 C                  0.36722430   -4.09811800    0.91846420
 C                  0.40709950   -4.54359540    2.24584890
 C                  0.32396200   -3.61973450    3.27736170
 H                 -0.13494060    1.51329530    2.13969460
 H                 -0.07995250    0.90462640    4.47274780
 H                  0.23846260   -2.70810230    5.72077550
 H                 -0.02127410    0.28804450    6.45444310
 H                  0.91894620   -0.35564330   -0.51097910
 H                 -0.84272140   -0.51309660   -0.51096040
 H                  1.14808590    2.19017200    9.98171290
 H                  0.99343460    3.34710360   11.33584990
 H                  2.01038840    1.89022430   11.51432120
 H                 -1.51277150    1.95370720    9.98159080
 H                 -2.30880200    1.50627830   11.51455100
 H                 -1.56491440    3.11958920   11.33572280
 H                  0.20204590   -2.30238580    8.12168110
 H                 -0.05770100    0.70675700    8.82712330
 H                  0.16476340   -1.86661590   10.53576850
 H                 -1.07036210    1.91220980    0.15873550
 H                  0.71282250    2.07197940    0.15823570
 H                  0.21739530   -2.42758690   -0.40020980
 H                  0.43150170   -4.81197130    0.09343150
 H                  0.50281280   -5.60806780    2.47101420
 H                  0.35679110   -3.98275560    4.30400000
 O                 -0.15564266    1.73058053   -1.66453685
 H                 -0.23995061    2.67134514   -1.83615888